0 0.501814 0.214682 0.913504 0.099478
0 0.499922 0.356481 0.909721 0.145722
0 0.504651 0.486933 0.907829 0.064574
0 0.504651 0.582918 0.911612 0.076788
0 0.505597 0.668435 0.913504 0.052357
0 0.503705 0.756130 0.909721 0.072425
0 0.503705 0.841647 0.909721 0.053230
1 0.426163 0.199412 0.758419 0.065447
1 0.423326 0.343392 0.752744 0.116055
1 0.207713 0.465118 0.317736 0.024435
1 0.423326 0.569830 0.745178 0.048866
1 0.359965 0.657090 0.622240 0.024431
1 0.423326 0.742606 0.745178 0.043630
1 0.419543 0.827248 0.737612 0.022686
2 0.571795 0.252639 0.085109 0.016581
2 0.545314 0.419306 0.115372 0.016581
2 0.116934 0.510930 0.128612 0.014835
2 0.368477 0.611715 0.109698 0.019195
2 0.614349 0.684578 0.136171 0.014835
2 0.694729 0.784054 0.122930 0.016577
2 0.347671 0.858662 0.124829 0.019199
3 0.926415 0.201157 0.049171 0.014832
3 0.925469 0.345572 0.043496 0.013963
3 0.924523 0.465554 0.049171 0.014835
3 0.922632 0.569396 0.045388 0.013090
3 0.927360 0.657090 0.051062 0.015705
3 0.925469 0.742169 0.043496 0.014832
3 0.927360 0.828121 0.043496 0.012214
4 0.906554 0.252207 0.092674 0.013970
4 0.905609 0.420615 0.083217 0.015708
4 0.906554 0.503512 0.088891 0.012217
4 0.906554 0.609535 0.092674 0.013090
4 0.904663 0.684142 0.088891 0.012217
4 0.907500 0.783181 0.094566 0.016577
4 0.888585 0.857353 0.132395 0.011345
