0 0.522620 0.241296 0.879457 0.054975
0 0.522620 0.327248 0.875674 0.075046
0 0.522620 0.414072 0.879457 0.053230
0 0.522620 0.522709 0.871891 0.123909
0 0.516946 0.666690 0.871891 0.120418
0 0.522620 0.775327 0.868109 0.056720
0 0.523566 0.861717 0.873783 0.074170
1 0.326868 0.227335 0.472822 0.021817
1 0.435620 0.313721 0.690326 0.044503
1 0.419543 0.401418 0.665736 0.022686
1 0.444132 0.510494 0.703566 0.090751
1 0.443186 0.654474 0.713023 0.090751
1 0.268240 0.762239 0.348000 0.025308
1 0.428054 0.848627 0.682760 0.046245
2 0.381717 0.257003 0.109698 0.014835
2 0.471554 0.354299 0.111589 0.015708
2 0.636097 0.429778 0.130504 0.016581
2 0.563283 0.574630 0.136178 0.020068
2 0.655953 0.716427 0.147519 0.015708
2 0.594488 0.792781 0.141845 0.018323
2 0.594488 0.890948 0.141845 0.017454
3 0.899934 0.227772 0.094566 0.013963
3 0.901826 0.314160 0.094566 0.015708
3 0.920740 0.400111 0.068085 0.014835
3 0.918849 0.510494 0.064302 0.012217
3 0.919795 0.654038 0.066194 0.013090
3 0.907500 0.763548 0.083217 0.012217
3 0.911283 0.849936 0.090783 0.013963
4 0.883857 0.257876 0.126721 0.014835
4 0.886694 0.353863 0.132395 0.014835
4 0.882915 0.430215 0.136171 0.017454
4 0.884802 0.573757 0.128612 0.016577
4 0.882911 0.716863 0.124829 0.014835
4 0.884802 0.794088 0.128612 0.015708
4 0.885748 0.890075 0.134287 0.015708
