0 0.502760 0.239551 0.915395 0.047994
0 0.503705 0.338155 0.909721 0.096860
0 0.504651 0.446795 0.907829 0.075043
0 0.500868 0.556742 0.907829 0.097732
0 0.502760 0.656218 0.907829 0.054102
0 0.501814 0.729079 0.909721 0.049739
0 0.504651 0.816778 0.911612 0.073298
1 0.378880 0.226026 0.663853 0.019199
1 0.426163 0.324630 0.747070 0.068065
1 0.411031 0.432833 0.720589 0.047117
1 0.398736 0.541908 0.707349 0.068065
1 0.129225 0.641384 0.164543 0.022690
1 0.402519 0.715991 0.707349 0.023562
1 0.376988 0.803687 0.656287 0.047117
2 0.577469 0.255694 0.119155 0.015708
2 0.309849 0.376550 0.102132 0.016577
2 0.515054 0.474281 0.122930 0.018326
2 0.463043 0.596445 0.124829 0.018326
2 0.579357 0.671488 0.130496 0.020072
2 0.528291 0.744787 0.115372 0.014832
2 0.343880 0.843830 0.113496 0.015701
3 0.919795 0.226463 0.066194 0.011345
3 0.921686 0.325066 0.066194 0.016577
3 0.918849 0.434142 0.064302 0.013090
3 0.916957 0.543653 0.068085 0.017450
3 0.916957 0.642693 0.064302 0.016581
3 0.920740 0.716427 0.060519 0.013963
3 0.922632 0.804124 0.068085 0.014835
4 0.883860 0.256567 0.134279 0.013963
4 0.906554 0.376985 0.088891 0.013963
4 0.907481 0.475159 0.083178 0.014846
4 0.886694 0.596009 0.132395 0.015708
4 0.904663 0.671052 0.088891 0.013963
4 0.903717 0.745660 0.090783 0.013087
4 0.889531 0.844263 0.130504 0.014835
