0 0.502760 0.260494 0.911612 0.070680
0 0.503705 0.368696 0.913504 0.098602
0 0.503705 0.498278 0.913504 0.113437
0 0.502760 0.650982 0.911612 0.144853
0 0.501814 0.783618 0.913504 0.075046
1 0.358074 0.238678 0.618457 0.020068
1 0.421434 0.352990 0.748961 0.067189
1 0.412922 0.475590 0.728155 0.066316
1 0.424271 0.637021 0.747070 0.111695
1 0.422380 0.769219 0.750853 0.044503
2 0.164213 0.286236 0.090783 0.017450
2 0.349562 0.406654 0.128612 0.017450
2 0.111260 0.544961 0.121047 0.013090
2 0.462097 0.713809 0.122938 0.019199
2 0.408194 0.811978 0.128605 0.018326
3 0.912229 0.239551 0.077543 0.016577
3 0.923578 0.355172 0.051062 0.013963
3 0.924523 0.477772 0.041605 0.016581
3 0.924523 0.636584 0.045388 0.018326
3 0.925469 0.771402 0.051062 0.017454
4 0.884802 0.277945 0.124829 0.016577
4 0.903717 0.405778 0.087000 0.015697
4 0.906554 0.537108 0.088891 0.016577
4 0.883860 0.713367 0.126713 0.014825
4 0.881969 0.809796 0.130496 0.013963
