0 0.499922 0.219045 0.913504 0.052353
0 0.501814 0.306305 0.913504 0.073298
0 0.504651 0.404911 0.919178 0.078534
0 0.504651 0.509621 0.915395 0.095987
0 0.502760 0.627421 0.907829 0.099478
0 0.501814 0.760059 0.913504 0.118673
1 0.422380 0.205520 0.750853 0.020068
1 0.421422 0.291908 0.748938 0.046248
1 0.425217 0.389202 0.748961 0.045372
1 0.413868 0.486060 0.722481 0.045376
1 0.421434 0.613024 0.745178 0.065447
1 0.424271 0.745660 0.758419 0.088129
2 0.490465 0.235624 0.119147 0.017450
2 0.610562 0.333793 0.124829 0.016577
2 0.629477 0.431087 0.124829 0.019199
2 0.540585 0.544524 0.105915 0.017454
2 0.380771 0.667126 0.138070 0.020068
2 0.522616 0.810232 0.100240 0.018326
3 0.910337 0.206393 0.077543 0.016577
3 0.914120 0.292781 0.077543 0.016577
3 0.914120 0.389639 0.069977 0.014835
3 0.912229 0.486935 0.077543 0.013963
3 0.915066 0.613024 0.071868 0.013087
3 0.913174 0.746089 0.071868 0.015690
4 0.883857 0.235626 0.119155 0.015708
4 0.883857 0.332484 0.126721 0.015705
4 0.886694 0.430651 0.121047 0.016581
4 0.884802 0.535799 0.132395 0.013959
4 0.881969 0.666690 0.130496 0.012214
4 0.906554 0.811105 0.088891 0.016581
