0 0.500868 0.294088 0.907829 0.075043
0 0.502760 0.423235 0.911612 0.137872
0 0.500868 0.565469 0.915395 0.097732
0 0.501814 0.687196 0.913504 0.098605
0 0.500868 0.831175 0.922961 0.147471
1 0.422380 0.280127 0.747070 0.045376
1 0.422380 0.402293 0.754636 0.095987
1 0.418597 0.550633 0.750853 0.068062
1 0.425217 0.671924 0.760310 0.069807
1 0.422380 0.817212 0.762202 0.117800
2 0.491411 0.322012 0.128605 0.019195
2 0.484795 0.480826 0.115372 0.017454
2 0.601109 0.603863 0.121039 0.017454
2 0.573686 0.725590 0.085109 0.016581
2 0.546260 0.893129 0.105915 0.020072
3 0.916957 0.281436 0.068085 0.013087
3 0.925450 0.401415 0.047240 0.015697
3 0.926415 0.552378 0.041605 0.013963
3 0.926415 0.673233 0.041605 0.016581
3 0.926415 0.818523 0.045388 0.015708
4 0.881965 0.322012 0.126721 0.012214
4 0.904663 0.473839 0.088891 0.010483
4 0.885748 0.602990 0.130504 0.012217
4 0.905609 0.724281 0.090783 0.013963
4 0.907500 0.892257 0.094566 0.014835
