0 0.520729 0.253514 0.871891 0.053230
0 0.518837 0.329430 0.868109 0.051484
0 0.520740 0.414072 0.868132 0.070683
0 0.520729 0.515730 0.868109 0.094242
0 0.521674 0.620005 0.870000 0.070683
0 0.520729 0.714682 0.871891 0.078534
0 0.519783 0.801506 0.870000 0.051481
1 0.262566 0.240860 0.351783 0.022686
1 0.437512 0.315905 0.701674 0.020944
1 0.244597 0.390511 0.315845 0.021817
1 0.419543 0.493042 0.665736 0.048866
1 0.344837 0.597318 0.516326 0.021817
1 0.431837 0.701157 0.686543 0.049739
1 0.285260 0.788854 0.397171 0.022686
2 0.586922 0.269220 0.130496 0.016581
2 0.527345 0.344700 0.117264 0.019199
2 0.160434 0.436760 0.139953 0.018326
2 0.264453 0.551506 0.109698 0.017454
2 0.162326 0.644875 0.143736 0.015708
2 0.384554 0.741296 0.111589 0.016577
2 0.536802 0.816778 0.109698 0.012217
3 0.917903 0.240860 0.062411 0.015705
3 0.901826 0.315469 0.090783 0.016581
3 0.904663 0.391820 0.092674 0.012217
3 0.924523 0.495224 0.041605 0.013087
3 0.921686 0.599063 0.069977 0.014835
3 0.916957 0.701593 0.064302 0.012214
3 0.918864 0.787114 0.071837 0.013970
4 0.881019 0.269657 0.124829 0.012217
4 0.903717 0.344700 0.083217 0.012217
4 0.882911 0.428906 0.128612 0.014835
4 0.889531 0.544088 0.119155 0.011345
4 0.893314 0.636584 0.115372 0.013090
4 0.888585 0.743042 0.136178 0.013087
4 0.891422 0.817214 0.115372 0.013090
