0 0.518837 0.254823 0.871891 0.054102
0 0.520729 0.328993 0.879457 0.057593
0 0.522620 0.404472 0.875674 0.056720
0 0.520729 0.489987 0.879457 0.074174
0 0.523566 0.576375 0.888915 0.056720
0 0.524512 0.687631 0.883240 0.123909
0 0.522620 0.830739 0.879457 0.122164
1 0.287151 0.240860 0.397171 0.022686
1 0.250271 0.315032 0.327194 0.022690
1 0.328760 0.390511 0.480388 0.021817
1 0.433729 0.478643 0.694109 0.044503
1 0.421434 0.564158 0.677085 0.027049
1 0.443186 0.673233 0.713023 0.091624
1 0.443186 0.817650 0.713023 0.092496
2 0.535857 0.270966 0.107806 0.020072
2 0.433725 0.345572 0.104023 0.017454
2 0.378880 0.420179 0.107806 0.016581
2 0.471554 0.518348 0.115372 0.019199
2 0.634205 0.593391 0.130504 0.020944
2 0.563283 0.736053 0.139961 0.018308
2 0.653120 0.881357 0.145636 0.017436
3 0.919795 0.241733 0.066194 0.015705
3 0.901826 0.316341 0.102132 0.018326
3 0.902771 0.391384 0.096457 0.016581
3 0.900880 0.477777 0.100240 0.018337
3 0.921686 0.564160 0.073760 0.020072
3 0.918849 0.674539 0.064302 0.017461
3 0.920740 0.818521 0.064302 0.017450
4 0.896151 0.270093 0.117264 0.013090
4 0.903717 0.344263 0.087000 0.014835
4 0.885748 0.420612 0.126721 0.013970
4 0.884802 0.517911 0.132395 0.014835
4 0.885748 0.592518 0.134287 0.013963
4 0.887640 0.739115 0.134287 0.019195
4 0.884802 0.880476 0.128612 0.015708
