0 0.516000 0.210318 0.877566 0.073298
0 0.516000 0.343827 0.877566 0.144850
0 0.516946 0.476026 0.875674 0.077661
0 0.517891 0.571575 0.873783 0.071556
0 0.518837 0.677160 0.875674 0.101223
0 0.518837 0.786672 0.875674 0.077665
1 0.428054 0.196794 0.697891 0.044503
1 0.438457 0.328557 0.726264 0.114310
1 0.439403 0.459884 0.720589 0.047121
1 0.398740 0.547579 0.631698 0.021817
1 0.439403 0.661454 0.713023 0.068065
1 0.437512 0.772273 0.713023 0.047121
2 0.537748 0.236499 0.149419 0.013963
2 0.322140 0.405345 0.111581 0.016577
2 0.589760 0.502205 0.136171 0.018323
2 0.160434 0.594263 0.139953 0.013963
2 0.321194 0.714682 0.102124 0.015708
2 0.353345 0.813723 0.113481 0.018326
3 0.917903 0.197230 0.062411 0.015705
3 0.920740 0.330302 0.060519 0.013087
3 0.917903 0.462500 0.062411 0.015708
3 0.918849 0.549324 0.064302 0.016581
3 0.918849 0.664072 0.060519 0.015705
3 0.919795 0.774456 0.058628 0.014835
4 0.904663 0.238678 0.085109 0.016577
4 0.881019 0.404465 0.132395 0.014818
4 0.884802 0.502203 0.128612 0.014835
4 0.903717 0.587282 0.090783 0.013963
4 0.881965 0.716427 0.126721 0.012217
4 0.904663 0.813723 0.096457 0.014835
