0 0.522620 0.308051 0.875674 0.052353
0 0.519783 0.395747 0.873783 0.075916
0 0.520729 0.500021 0.868109 0.094242
0 0.521674 0.626987 0.873783 0.114310
0 0.520729 0.733006 0.875674 0.057593
0 0.516946 0.820705 0.868109 0.074170
1 0.224740 0.294526 0.279915 0.025304
1 0.444132 0.380914 0.714915 0.046248
1 0.443186 0.479079 0.713023 0.048866
1 0.439403 0.606044 0.709240 0.072425
1 0.366585 0.718609 0.567388 0.028798
1 0.443186 0.804998 0.720589 0.042758
2 0.557609 0.323757 0.124829 0.019195
2 0.639880 0.422361 0.119155 0.019199
2 0.370368 0.536672 0.102132 0.019195
2 0.278640 0.674106 0.138070 0.014835
2 0.448857 0.750023 0.119155 0.014832
2 0.584085 0.847754 0.113473 0.018326
3 0.908446 0.294961 0.088891 0.015708
3 0.925469 0.380476 0.051062 0.012217
3 0.925469 0.478208 0.047279 0.017454
3 0.927360 0.605172 0.047279 0.014835
3 0.927360 0.719481 0.051062 0.014835
3 0.925469 0.807614 0.039713 0.013090
4 0.904663 0.322884 0.088891 0.012214
4 0.883857 0.421924 0.126721 0.014835
4 0.905609 0.527074 0.090783 0.013963
4 0.886694 0.665817 0.132395 0.013959
4 0.884802 0.749587 0.124829 0.015705
4 0.882911 0.847754 0.128612 0.013090
